m1 = 1;      
m2 = 1;    
k1 = 100;    
k2 = 150;    
c1 = 1;      
c2 = 1;      
f = 5;
